SampleID	CoreID	CoreName	wet_weight	DCA	HDCA_UDCA	CDCA	aMCA	bMCA	CA	HCA	wMCA	GLCA	GCDCA	GDCA	GHDCA	GUDCA	GCA	GHCA	TLCA	TCDCA	TDCA	THDCA_TUDCA	THCA	TaMCA_TbMCA	TCA
cecal_dn7_1510_1	B1510-1	S00026681	40.3	1.057347607	0	0	0.317147507	1.115816717	0.167126491	0.009264243	1.923605456	0	8.01439e-5	1.8392e-4	1.1439e-5	0	3.02298e-5	0	0.004194311	0.006521942	0.006001452	0.007353824	0	3.787110438	0.035832224
cecal_dn7_1510_2	B1510-2	S00026682	32	0.891380755	0	0	0.194080677	0.530614	0.797119174	0.020942142	1.542957508	0	1.37598e-4	6.88946e-5	5.2765e-5	0	6.52564e-4	0	0.002730962	0.026627199	0.032870002	0.007102004	0	1.484998476	0.126335142
cecal_dn7_1510_3	B1510-3	S00026683	25.9	1.586223178	0	0	1.083639502	1.957438137	0.928243395	0.075238393	3.590365411	0	3.72811e-5	3.59443e-4	1.48218e-4	0	8.0382e-5	0	0.005135119	0.01609273	0.029714857	0.013313979	0	11.20165999	0.590358818
cecal_d0_1512_1	B1512-1	S00026684	52.5	0.008109275	0	0.015787756	0.003406877	0.002320464	0.083372485	0	0.00759719	0	3.79294e-5	0	3.63955e-5	0	1.09538e-4	0	0.001153854	0.007334197	5.61551e-4	0.012108541	0	13.05497405	0.588595062
cecal_d0_1512_2	B1512-2	S00026685	19.1	0.015960671	0	0.038087287	0.009039726	0.009662783	0.693986377	0	0.019042625	0	5.12985e-5	0	4.19954e-4	0	5.1101e-4	0	0.002827583	0.126206009	0	0.123306959	0	63.13575047	4.689625544
cecal_d0_1512_3	B1512-3	S00026686	56.1	0.004465243	0	0.012206989	0.003313957	0.001816464	0.157088401	0	0.004686739	0	2.24784e-5	0	1.75228e-4	0	1.06824e-4	0	5.00826e-4	0.034317087	0	0.036232535	0	17.01533739	1.336979309
cecal_d1_1511_1	B1511-1	S00026687	32	0.007714479	0	0.014359103	0.004800428	0.005044395	0.125685932	0	0.006752752	0	5.71491e-5	7.13487e-6	0	0	0	0	6.7318e-4	0.008707317	0	0.006280378	0	3.950459967	0.396217837
cecal_d1_1511_2	B1511-2	S00026688	24.9	0.010373567	0	0.022029397	0.00832047	0.018270996	0.213983878	0	0.014057681	0	3.99712e-5	0	2.81882e-5	2.85486e-6	0	0	5.24933e-4	0.024781999	0	0.026123958	0	26.21785246	1.948151683
cecal_d1_1511_3	B1511-3	S00026689	63.8	0.002997428	0	0.004142978	8.7165e-4	0.001700081	0.032471463	0	0.002259922	0	1.59319e-5	0	9.47002e-6	0	3.34825e-5	0	9.94598e-5	0.00390387	0	0.004609227	0	4.507522884	0.301360667
cecal_d4_975_1	B975-1	S00026690	9.4	1.28955134	0	0	0.017553996	0.42967653	1.538691656	0	0.270822186	NA	2.61069e-4	3.81431e-4	8.43505e-5	0	0.002109591	0	0.001943338	0.351683143	0.030390345	0.277441139	0	101.2703837	6.991822002
cecal_d4_907_1	B907-1	S00026691	4	3.266647023	0	0	0.18281959	2.458327735	3.685330649	0	0.115976035	0	2.51459e-4	3.73403e-4	1.51413e-4	0	0.007560494	0	0.004052539	0.007300864	0.009836012	0.024720612	0	28.76720392	2.67347073
cecal_d4_908_1	B908-1	S00026692	13.3	0.043125143	0	0.090327371	0.136172195	2.812461932	3.346243029	0	1.448770985	0	5.66284e-5	0	5.17542e-5	0	0.001799203	0	8.14712e-4	0.006331277	3.21612e-4	0.004454249	0	8.226671026	0.056002884
cecal_d9_907_4	B907-4	S00026693	18.1	0.010984325	0	0.00860482	0.001564379	0.006666529	0.285967535	0	0.001229771	0	4.72293e-5	0	4.60143e-6	0	2.48449e-4	0	3.79487e-4	0.044873352	0	0.035605302	0	27.41708178	1.718138406
cecal_d9_908_3	B908-3	S00026694	15.3	0.012819087	0	0.011296326	4.89073e-4	0.003080834	0.086609111	0	0.001178294	0	6.9751e-5	0	2.83916e-5	0	0	0	0	0.08462626	0	0.036590727	0	26.62520635	1.608274487
cecal_d9_908_4	B908-4	S00026695	28.4	0.007229051	0	0.008672211	6.30422e-4	0.003268608	0.075270077	0	6.36534e-4	0	4.36593e-5	0	4.22148e-5	0	1.45905e-4	0	0	0.039230898	0	0.018560464	0	10.91421949	0.742096381
cecal_d19_1211_1	B1211-1	S00026696	36	0.005468942	0	0.009087337	0.010004774	0.177666288	0.14612944	0.003193245	0.024089761	NA	1.14609e-5	0	1.18586e-5	0	1.47586e-4	0	0	0.002238778	0	0.001105987	0	1.247744115	0.022511263
cecal_d19_1211_2	B1211-2	S00026697	14.2	0.013037748	0	0.017989994	0.006802369	0.21692283	0.278241474	0.011015108	0.037506171	NA	5.31743e-5	0	1.65195e-5	0	5.06479e-4	0	0	0.006410117	0	0.006856335	0	4.58728243	0.153559032
cecal_d19_1211_3	B1211-3	S00026698	22.1	0.00850119	0	0.015266424	0.003075557	0.118313389	0.340047216	0.002783897	0.003562776	0	4.83989e-5	0	5.04449e-5	0	0	0	0	0.004666447	0	0.008697152	0	4.962583963	0.143384034
cecal_d19_1210_1	B1210-1	S00026699	40.8	0.004241214	0	0.016225264	0.260908127	1.085004846	0.491436445	0.045398981	1.023216098	0	2.58177e-5	0	6.29174e-5	0	3.67637e-4	0	0	4.42541e-4	0	9.0992e-4	0	1.797828831	0.030669978
cecal_d19_1210_2	B1210-2	S00026700	14.4	0.012710118	0	0.057466001	0.40224639	2.689765324	2.184641998	0.061543754	1.823069377	0	7.50584e-5	0	1.14782e-4	0	0.001510289	0	5.77267e-4	0.002117117	0	0.003838852	0	6.963952499	0.208761034
cecal_d19_1212_1	B1212-1	S00026701	10.3	0.033352281	0	0.029974524	0.069662795	1.216540043	0.467886606	0.016222116	0.361988657	0	8.06057e-5	0	0	0	5.7986e-5	0	8.14643e-4	0.001113111	4.45659e-4	3.52915e-4	0	0.15415935	0.008372965
cecal_d19_1212_2	B1212-2	S00026702	16.7	0.011934129	0	0.036002667	0.567174266	4.103018502	1.79922822	0.084043618	1.028733917	NA	1.39226e-4	0	0	0	0.001263347	0	2.13062e-4	0.002048923	2.44784e-4	0.002786976	0	3.426290006	0.324493173
cecal_d19_1206_1	B1206-1	S00026703	22.8	1.122100223	0	0	0.213460809	0.857592493	0.57692826	0.009678495	1.368162282	0	0	3.61244e-4	3.76361e-5	0	1.18226e-4	0	0.001167262	0.009877034	0.00576333	0.011522953	0	6.754395511	0.021199944
cecal_d19_1206_2	B1206-2	S00026704	9.6	2.953043727	0	0	0.818961703	2.686158651	1.863960627	0.036060563	3.814243732	0	0	0.002801586	6.12766e-5	0	0.001074269	0	0.002361604	0.010257889	0.032498111	0.005846346	0	3.622552517	0.031119863
cecal_d19_1208_1	B1208-1	S00026705	15	1.790346816	0	0	0.434502886	1.545235279	0.321791048	0.037085546	3.294628721	0	0	0.00096307300000000005	4.96146e-5	0	3.17197e-4	0	0.0029910650000000002	0.009887757	0.008936997	0.008692412	0	2.643317509	0.106096496
cecal_d19_1208_2	B1208-2	S00026706	15.4	1.418707463	0	0	0.213833556	0.79639654	0.14092993	0.031839964	3.029346319	0	7.03453e-5	1.91845e-4	6.35653e-5	0	1.27114e-4	0	0.002258359	0.0043902	0.003260691	0.005766164	0	1.573771075	0.019482014
cecal_d21_1199_3	B1199-3	S00026707	11.2	1.043760842	0	0	0.108122742	1.679642608	0.936124166	0.006802741	0.173695048	0	9.84786e-5	3.73661e-5	2.3158e-4	0	0.001521713	0	0.001342306	8.40989e-4	0.004720975	0.002951662	0	0.996194048	0.011845216
cecal_d21_1199_4	B1199-4	S00026708	19.2	0.10063851	0	0	0.022907788	0.474572549	0.404977342	0	0.119279574	0	5.48225e-5	0	2.24982e-4	0	0.001218995	0	3.9757e-4	4.23651e-4	3.02422e-4	0.001024211	0	0.377917342	0.004673463
cecal_d21_1200_1	B1200-1	S00026709	15	2.182930669	0	0	0.744157669	2.793458063	0.035232471	0	0.824234604	0	1.00393e-4	9.61025e-4	3.25461e-5	0	0	0	0.002238016	0	0.020628657	0.001814184	0	0.823884288	0.006472195
cecal_d21_1200_2	B1200-2	S00026710	18.4	1.595777879	0	0	0.261755516	2.28737963	0.076841623	0.01420889	0.568162802	0	6.12233e-5	0.001414874	1.05819e-4	0	0	0	0.002043687	0	0.020953439	0.003174543	0	0.859257465	0.006209151
cecal_d21_1205_2	B1205-2	S00026711	11.8	2.835141336	0	0	0.828602066	3.359680545	1.235542396	0.099246677	4.556487071	0	1.28209e-4	6.10902e-4	5.21534e-4	0	0.001033618	0	0.00201442	0.005896159	0.006779053	0.012655153	0	20.42826181	0.149365753
cecal_d21_1205_4	B1205-4	S00026712	16.9	1.354246781	0	0	0.113329017	0.309759867	0.077718315	0.004065067	1.829842144	0	6.56217e-5	3.39559e-4	9.56616e-5	0	2.05859e-5	0	0.001266485	0.001860364	0.003286612	0.001178595	0	0.277344693	0.009134255
cecal_d21_1209_1	B1209-1	S00026713	8.7	4.493557487	0	0	1.935620531	4.524528129	0.758317849	0.120237007	11.62317091	0	1.03532e-4	0.002105315	2.21817e-4	0	7.1819e-4	0	0.007045152	0.01031303	0.035440699	0.012623699	0	5.484608022	0.045723828
cecal_d21_1209_2	B1209-2	S00026714	16.5	2.548175897	0	0	1.201026134	2.014249541	0.445499701	0.034949284	6.614871705	0	0	0.003127741	4.77052e-4	0	2.94782e-4	0	0.010242542	0.003792473	0.044581266	0.014153608	0	3.012765109	0.026396267
cecal_d21_1203_2	B1203-2	S00026715	23.8	0.016887333	0	0.029945245	0.434800871	2.122189608	1.233770213	0.022550339	0	0	9.25851e-5	0	3.51441e-5	0	0.001096414	0	0.002075327	0.001136746	8.71735e-4	0.002269475	0	1.589108962	0.25772476
cecal_d21_1203_3	B1203-3	S00026716	26.5	0.010406368	0	0.011832747	0.139452418	1.298311953	0.623829638	0.012266754	0	NA	4.23328e-5	0	3.54565e-5	0	5.57973e-4	0	7.54657e-4	4.15452e-4	0	8.61825e-4	0	0.405100247	0.159014866
cecal_d21_1207_1	B1207-1	S00026717	12.8	0.373835947	0	0	0.917781738	4.555018244	1.945107602	0.022072699	0.283257584	0	5.75438e-5	0	1.55528e-5	5.88276e-5	3.47893e-4	0	7.07064e-4	8.66906e-4	0	0.003322574	0	3.009079005	0.069209388
cecal_d21_1207_3	B1207-3	S00026718	15.7	0.020568165	0	0.02655716	0.175985325	1.839615846	0.852729798	0.012724584	0.363773187	0	4.77722e-5	0	1.46646e-4	0	4.43653e-4	0	1.06932e-4	0.00119398	0	0.001667173	0	0.658500099	0.379127958
cecal_d42_1223_4	B1223-4	S00026719	13.4	0.961619456	0	0	0.236548808	1.52638136	0.202287914	0	0	0	1.27241e-4	4.84701e-5	2.04241e-4	0	6.39436e-5	0	9.65677e-4	0.001660273	0.001545244	0.001693792	0	1.040180276	0.0056093
cecal_d42_1223_5	B1223-5	S00026720	18.8	0.732699947	0	0	0.201028848	1.27322705	0.069303618	0	0	0	2.57382e-5	7.6223e-5	1.36755e-4	0	8.59052e-5	0	0.001581807	0.00105299	0.001334084	0.001474824	0	0.849965351	0.004318449
cecal_d42_1225_1	B1225-1	S00026721	24.8	0.404805165	0	0	0.20706479	1.319009944	0.054045784	0	0	0	7.59826e-5	0	3.2523e-4	0	1.88377e-4	0	8.88911e-4	0.001949653	9.93404e-4	0.001775787	0	1.04590429	0.0058592
cecal_d42_1225_2	B1225-2	S00026722	24.2	0.530254581	0	0	0.279460108	1.508696884	0.036399343	0	0	0	3.40523e-5	0	6.35901e-5	0	2.33162e-5	0	7.32087e-4	6.19772e-4	6.0866e-4	5.38616e-4	0	0.264967103	0.002419701
cecal_d42_1191_2	B1191-2	S00026723	15.3	1.774098706	0	0	0.509733508	1.795345189	0.942174506	0.011569917	3.701837949	0	3.53038e-4	2.03883e-4	0.001000901	0	0.004005172	0	0.001755228	0.013472299	0.014151158	0.016061864	0	5.595114645	0.016675487
cecal_d42_1270_4	B1270-4	S00026724	11	2.61157076	0	0	0.539798293	2.257512392	0.093733395	0.010834268	5.987721945	0	2.40349e-4	0.001279121	2.53091e-4	0	3.60433e-4	0	0.00359752	0.001987233	0.010871803	0.004597166	0	0.9220374	0.006374644
cecal_d42_1275_1	B1275-1	S00026725	23.7	1.977835693	0	0	1.328661545	2.721384944	0.62823133900000006	0.124528622	5.15167738	0	0	0.005238782	9.7676e-4	0	1.63986e-4	0	0.00600979	0.073948188	0.07256903	0.015252207	0	3.524284686	0.021731865
cecal_d42_1275_2	B1275-2	S00026726	21.8	1.887447307	0	0	0.679155231	2.748269667	0.736253375	0.023578627	3.737209518	0	1.38175e-4	0.00167957	9.97795e-4	0	5.25796e-4	0	0.026299913	0.004839272	0.030336282	0.011908625	0	5.705275634	0.019454151
cecal_d42_1216_1	B1216-1	S00026727	16.6	0.036814618	0	0.06537874	0.07357387	0.503439796	0.550154621	0.009161345	0	NA	1.04779e-5	0	8.25203e-4	0	0	0	0.009624412	0.002720728	0.001270481	0.006437669	0	1.156999277	0.01174997
cecal_d42_1216_2	B1216-2	S00026728	30.3	0.012809588	0	0.125746671	0.09199604	0.518487256	0.884901987	0.005184498	0	0	6.0649e-5	0	2.4567e-4	0	4.05e-4	0	0.002564884	0.003243016	0	0.009308919	0	4.811052321	0.01059563
cecal_d42_1217_2	B1217-2	S00026729	28.9	0.007944103	0	0.062935981	0.084812689	0.830538014	0.700665286	0.009574844	0	0	1.06626e-4	0	1.6875e-5	0	4.22188e-4	0	0.00131117	0.002058379	0	0.001721716	0	1.133785328	0.015049495
cecal_d42_1294_1	B1294-1	S00026730	38.3	0.007782459	0	0.158972761	0.175330784	1.257048715	0.753980548	0.020355332	0.652415351	0	2.16587e-5	0	7.34513e-5	7.44415e-6	5.43864e-4	0	6.75166e-4	0.004991222	0	0.002465471	0	1.620054435	0.012804353
